 &NLSTCGEN
 STEPS_PER_PERIODim=24,2,0,0,
 SECS_PER_PERIODim=86400,86400,0,0,
 EXITFREQim=43200,3600,0,0,
 DUMPFREQim=43200,3600,0,0,
 ARCHDUMP_OFFSETim=2,2,0,0,
 ARCHDUMP_FREQim=2,2,0,0,
 DUMPTIMESim=0,0,0,0,0,0,0,0,0,0,0,0,0,0,0,0,0,0,0,0,0,0,0,0,
 0,0,0,0,0,0,0,0,0,0,0,0,0,0,0,0,0,0,0,0,0,0,0,0,0,0,0,0,0,0,0,0,0,0,0,0,0,0,0,
 0,0,0,0,0,0,0,0,0,0,0,0,0,0,0,0,0,0,0,0,0,0,0,0,0,0,0,0,0,0,0,0,0,0,0,0,0,0,0,
 0,0,0,0,0,0,0,0,0,0,0,0,0,0,0,0,0,0,0,0,0,0,0,0,0,0,0,0,0,0,0,0,0,0,0,0,0,0,0,
 0,0,0,0,0,0,0,0,0,0,0,0,0,0,0,0,0,0,0,
 PPSELECTim=1,0,0,0,1,0,0,0,0,0,0,0,0,0,0,0,
 PLOTSELim=0,0,0,0,0,0,0,0,0,0,0,0,0,0,0,0,
 MEANWSim='N','N','N','N','N','N','N','N','N','N','N','N',
 'N','N','N','N',
 ARCHPPSELim=1,0,0,0,1,0,0,0,0,0,0,0,0,0,0,0,
 MEANARCHim=0,0,0,0,0,0,0,0,0,0,0,0,0,0,0,0,
 MEANFREQim=2,0,0,0,2,0,0,0,0,0,0,0,0,0,0,0,
 PRINTFREQim=0,0,0,0,0,0,0,0,0,0,0,0,0,0,0,0,0,0,0,0,
 MEAN_REFTIMEim=2491,12,1,0,0,0,2491,12,1,0,0,0,0,0,0,0,0,0,0,0,
 0,0,0,0,
 JOBREL_STEPim=0,0,0,0,0,0,0,0,0,0,0,0,0,0,0,0,0,0,0,0,0,0,0,0,
 0,0,0,0,0,0,0,0,0,0,0,0,0,0,0,0,
 DUMP_PACKim=2,2,0,0,
 PP_LEN2_MEANim=4096,4096,4096,4096,4096,4096,4096,4096,4096,4096,4096,4096,
 4096,4096,4096,4096,
 FT_MEANim=27,27,27,27,
 LLBOUTim=.FALSE.,.FALSE.,.FALSE.,.FALSE.,
 &END



 &BOUNCNST
 BOUND_FIELDCODE=0,0,0,0,
 &END


 ### END OF FILE ###
